
zeitundraum_de:
  +49 613 1327140011

zeltex_de:
  +49 023 445 260780
  +49 234 4526078020
  +49 234 45260780

zeltfabrik_de:
  (025) 644-6049

zeltsysteme-goebel_de:
  +49 036 338 578474
  +49 363 38578474

zeltwanger_de:
  +49 707 13663301
  +49 707 13663333
  (071) 366-3301
  (071) 366-3333

zenith-art-system_de:
  +49 022 835 09576
  +49 022 835 09577
  +49 228 3509576
  +49 228 3509577
  (022) 835-0957

zenith-formen_at:
  +43 424 527 9622
  +43 424 527 960

zentri-jet_com:
  +49 044 749 394907
  +49 447 49394907
  +49 447 49394929
  +49 447 4939490

zentron_at:
  +43 660 558 9748
  +43 725 237 674

zepter_at:
  (001) 500-3000
  (005) 401-2700
  00540990
  00540190

zepter_com:
  (050) 054-0287
  (030) 054-0103
  (030) 054-0670
  (005) 401-1841
  (005) 401-0150
  03005402

zermattkaffee_com:
  +41 767 788 987500

zetec_de:
  +49 742 6529878
  +49 742 652980

ziegler-metallgewebe_de:
  +49 704 2911157920
  +49 704 2911150
  042911150

zielosko_net:
  (064) 216-0809

ziemann-urban_de:
  (004) 981-2393
  (049) 812-3936

zimat_de:
  +49 303 9484742484
  +49 303 9484636420

zindelgmbh_de:
  (060) 558-9328

zirbeundmehr_de:
  +49 072 140 7921
  +49 721 407921
  (072) 140-7921

zitt_de:
  +49 089 748 51122
  +49 089 748 5110
  +49 897 4851122
  +49 897 485110

zizito_com:
  +41 782 462 26638

zm-vakuum_de:
  +49 036 453 765010
  +49 036 453 765029
  +49 364 53765010
  +49 364 53765029
  07301630

zmt-automotive_de:
  +49 900 1123456507
  (001) 123-4565

zoneextreme_at:
  +43 676 979 7900
  +43 676 979 7999

zooschild_com:
  +49 043 138 586564
  +49 043 132 88801
  +49 431 38586564
  +49 431 3288801

zs-zylinder_de:
  +49 028 028 08420
  +49 280 2808420
  02808420

zt-glatzel_at:
  +43 077 584 0200
  +49 775 840200

zuchthoehlen_de:
  (026) 809-8770

zueri-obst_ch:
  (080) 581-0591

zufuehrtechnik-hudelmaier_de:
  (022) 407-3553

zuhausgemacht_de:
  +49 176 12662996

zurbruegg-ag_ch:
  +41 032 672 3003
  +49 326 723003
  00324562

zv-wasserversorgung-hohenzollern_de:
  (074) 717-1191

zwei-rad-sport_ch:
  +41 052 364 2271
  +41 052 364 1034
  +49 523 642271
  +49 523 641034
  031251010

zweirad-bruckner_de:
  +49 943 1757030
  00503900

zweirad-kraft_de:
  +49 022 512 758

zweiradfriedl_at:
  (036) 225-2918

zweiradortner_com:
  (066) 026-6220
  (066) 026-6220

zweite-haut_com:
  +49 212 781745142

zwergenkinder_de:
  023492200

zwicky_swiss:
  +41 052 763 1744
  +49 527 631744
  001301892

zwt-zisterer_de:
  +49 074 249 40430
  +49 074 249 4040
  +49 742 4940430
  +49 742 494040
